header: 
  seq: 37079
  stamp: 
    secs: 1440465988
    nsecs: 980412006
  frame_id: odom
child_frame_id: base_footprint
pose: 
  pose: 
    position: 
      x: -6.6059934001
      y: 3.80081721657
      z: 0.0
    orientation: 
      x: 0.0
      y: 0.0
      z: -0.798635510047
      w: -0.601815023152
  covariance: [1e-09, 0.0, 0.0, 0.0, 0.0, 0.0, 0.0, 0.001, 1e-09, 0.0, 0.0, 0.0, 0.0, 0.0, 1000000.0, 0.0, 0.0, 0.0, 0.0, 0.0, 0.0, 1000000.0, 0.0, 0.0, 0.0, 0.0, 0.0, 0.0, 1000000.0, 0.0, 0.0, 0.0, 0.0, 0.0, 0.0, 1e-09]
twist: 
  twist: 
    linear: 
      x: 0.0
      y: 0.0
      z: 0.0
    angular: 
      x: 0.0
      y: 0.0
      z: 0.0
  covariance: [1e-09, 0.0, 0.0, 0.0, 0.0, 0.0, 0.0, 0.001, 1e-09, 0.0, 0.0, 0.0, 0.0, 0.0, 1000000.0, 0.0, 0.0, 0.0, 0.0, 0.0, 0.0, 1000000.0, 0.0, 0.0, 0.0, 0.0, 0.0, 0.0, 1000000.0, 0.0, 0.0, 0.0, 0.0, 0.0, 0.0, 1e-09]
---
header: 
  seq: 37080
  stamp: 
    secs: 1440465989
    nsecs: 13818979
  frame_id: odom
child_frame_id: base_footprint
pose: 
  pose: 
    position: 
      x: -6.6059934001
      y: 3.80081721657
      z: 0.0
    orientation: 
      x: 0.0
      y: 0.0
      z: -0.798635510047
      w: -0.601815023152
  covariance: [1e-09, 0.0, 0.0, 0.0, 0.0, 0.0, 0.0, 0.001, 1e-09, 0.0, 0.0, 0.0, 0.0, 0.0, 1000000.0, 0.0, 0.0, 0.0, 0.0, 0.0, 0.0, 1000000.0, 0.0, 0.0, 0.0, 0.0, 0.0, 0.0, 1000000.0, 0.0, 0.0, 0.0, 0.0, 0.0, 0.0, 1e-09]
twist: 
  twist: 
    linear: 
      x: 0.0
      y: 0.0
      z: 0.0
    angular: 
      x: 0.0
      y: 0.0
      z: 0.0
  covariance: [1e-09, 0.0, 0.0, 0.0, 0.0, 0.0, 0.0, 0.001, 1e-09, 0.0, 0.0, 0.0, 0.0, 0.0, 1000000.0, 0.0, 0.0, 0.0, 0.0, 0.0, 0.0, 1000000.0, 0.0, 0.0, 0.0, 0.0, 0.0, 0.0, 1000000.0, 0.0, 0.0, 0.0, 0.0, 0.0, 0.0, 1e-09]
---
header: 
  seq: 37081
  stamp: 
    secs: 1440465989
    nsecs: 46739101
  frame_id: odom
child_frame_id: base_footprint
pose: 
  pose: 
    position: 
      x: -6.6059934001
      y: 3.80081721657
      z: 0.0
    orientation: 
      x: 0.0
      y: 0.0
      z: -0.798635510047
      w: -0.601815023152
  covariance: [1e-09, 0.0, 0.0, 0.0, 0.0, 0.0, 0.0, 0.001, 1e-09, 0.0, 0.0, 0.0, 0.0, 0.0, 1000000.0, 0.0, 0.0, 0.0, 0.0, 0.0, 0.0, 1000000.0, 0.0, 0.0, 0.0, 0.0, 0.0, 0.0, 1000000.0, 0.0, 0.0, 0.0, 0.0, 0.0, 0.0, 1e-09]
twist: 
  twist: 
    linear: 
      x: 0.0
      y: 0.0
      z: 0.0
    angular: 
      x: 0.0
      y: 0.0
      z: 0.0
  covariance: [1e-09, 0.0, 0.0, 0.0, 0.0, 0.0, 0.0, 0.001, 1e-09, 0.0, 0.0, 0.0, 0.0, 0.0, 1000000.0, 0.0, 0.0, 0.0, 0.0, 0.0, 0.0, 1000000.0, 0.0, 0.0, 0.0, 0.0, 0.0, 0.0, 1000000.0, 0.0, 0.0, 0.0, 0.0, 0.0, 0.0, 1e-09]
---
header: 
  seq: 37082
  stamp: 
    secs: 1440465989
    nsecs: 81615924
  frame_id: odom
child_frame_id: base_footprint
pose: 
  pose: 
    position: 
      x: -6.6059934001
      y: 3.80081721657
      z: 0.0
    orientation: 
      x: 0.0
      y: 0.0
      z: -0.798635510047
      w: -0.601815023152
  covariance: [1e-09, 0.0, 0.0, 0.0, 0.0, 0.0, 0.0, 0.001, 1e-09, 0.0, 0.0, 0.0, 0.0, 0.0, 1000000.0, 0.0, 0.0, 0.0, 0.0, 0.0, 0.0, 1000000.0, 0.0, 0.0, 0.0, 0.0, 0.0, 0.0, 1000000.0, 0.0, 0.0, 0.0, 0.0, 0.0, 0.0, 1e-09]
twist: 
  twist: 
    linear: 
      x: 0.0
      y: 0.0
      z: 0.0
    angular: 
      x: 0.0
      y: 0.0
      z: 0.0
  covariance: [1e-09, 0.0, 0.0, 0.0, 0.0, 0.0, 0.0, 0.001, 1e-09, 0.0, 0.0, 0.0, 0.0, 0.0, 1000000.0, 0.0, 0.0, 0.0, 0.0, 0.0, 0.0, 1000000.0, 0.0, 0.0, 0.0, 0.0, 0.0, 0.0, 1000000.0, 0.0, 0.0, 0.0, 0.0, 0.0, 0.0, 1e-09]
---
header: 
  seq: 37083
  stamp: 
    secs: 1440465989
    nsecs: 114459991
  frame_id: odom
child_frame_id: base_footprint
pose: 
  pose: 
    position: 
      x: -6.6059934001
      y: 3.80081721657
      z: 0.0
    orientation: 
      x: 0.0
      y: 0.0
      z: -0.798635510047
      w: -0.601815023152
  covariance: [1e-09, 0.0, 0.0, 0.0, 0.0, 0.0, 0.0, 0.001, 1e-09, 0.0, 0.0, 0.0, 0.0, 0.0, 1000000.0, 0.0, 0.0, 0.0, 0.0, 0.0, 0.0, 1000000.0, 0.0, 0.0, 0.0, 0.0, 0.0, 0.0, 1000000.0, 0.0, 0.0, 0.0, 0.0, 0.0, 0.0, 1e-09]
twist: 
  twist: 
    linear: 
      x: 0.0
      y: 0.0
      z: 0.0
    angular: 
      x: 0.0
      y: 0.0
      z: 0.0
  covariance: [1e-09, 0.0, 0.0, 0.0, 0.0, 0.0, 0.0, 0.001, 1e-09, 0.0, 0.0, 0.0, 0.0, 0.0, 1000000.0, 0.0, 0.0, 0.0, 0.0, 0.0, 0.0, 1000000.0, 0.0, 0.0, 0.0, 0.0, 0.0, 0.0, 1000000.0, 0.0, 0.0, 0.0, 0.0, 0.0, 0.0, 1e-09]
---
header: 
  seq: 37084
  stamp: 
    secs: 1440465989
    nsecs: 147314071
  frame_id: odom
child_frame_id: base_footprint
pose: 
  pose: 
    position: 
      x: -6.6059934001
      y: 3.80081721657
      z: 0.0
    orientation: 
      x: 0.0
      y: 0.0
      z: -0.798635510047
      w: -0.601815023152
  covariance: [1e-09, 0.0, 0.0, 0.0, 0.0, 0.0, 0.0, 0.001, 1e-09, 0.0, 0.0, 0.0, 0.0, 0.0, 1000000.0, 0.0, 0.0, 0.0, 0.0, 0.0, 0.0, 1000000.0, 0.0, 0.0, 0.0, 0.0, 0.0, 0.0, 1000000.0, 0.0, 0.0, 0.0, 0.0, 0.0, 0.0, 1e-09]
twist: 
  twist: 
    linear: 
      x: 0.0
      y: 0.0
      z: 0.0
    angular: 
      x: 0.0
      y: 0.0
      z: 0.0
  covariance: [1e-09, 0.0, 0.0, 0.0, 0.0, 0.0, 0.0, 0.001, 1e-09, 0.0, 0.0, 0.0, 0.0, 0.0, 1000000.0, 0.0, 0.0, 0.0, 0.0, 0.0, 0.0, 1000000.0, 0.0, 0.0, 0.0, 0.0, 0.0, 0.0, 1000000.0, 0.0, 0.0, 0.0, 0.0, 0.0, 0.0, 1e-09]
---
header: 
  seq: 37085
  stamp: 
    secs: 1440465989
    nsecs: 180543899
  frame_id: odom
child_frame_id: base_footprint
pose: 
  pose: 
    position: 
      x: -6.6059934001
      y: 3.80081721657
      z: 0.0
    orientation: 
      x: 0.0
      y: 0.0
      z: -0.798635510047
      w: -0.601815023152
  covariance: [1e-09, 0.0, 0.0, 0.0, 0.0, 0.0, 0.0, 0.001, 1e-09, 0.0, 0.0, 0.0, 0.0, 0.0, 1000000.0, 0.0, 0.0, 0.0, 0.0, 0.0, 0.0, 1000000.0, 0.0, 0.0, 0.0, 0.0, 0.0, 0.0, 1000000.0, 0.0, 0.0, 0.0, 0.0, 0.0, 0.0, 1e-09]
twist: 
  twist: 
    linear: 
      x: 0.0
      y: 0.0
      z: 0.0
    angular: 
      x: 0.0
      y: 0.0
      z: 0.0
  covariance: [1e-09, 0.0, 0.0, 0.0, 0.0, 0.0, 0.0, 0.001, 1e-09, 0.0, 0.0, 0.0, 0.0, 0.0, 1000000.0, 0.0, 0.0, 0.0, 0.0, 0.0, 0.0, 1000000.0, 0.0, 0.0, 0.0, 0.0, 0.0, 0.0, 1000000.0, 0.0, 0.0, 0.0, 0.0, 0.0, 0.0, 1e-09]
---
header: 
  seq: 37086
  stamp: 
    secs: 1440465989
    nsecs: 215413093
  frame_id: odom
child_frame_id: base_footprint
pose: 
  pose: 
    position: 
      x: -6.6059934001
      y: 3.80081721657
      z: 0.0
    orientation: 
      x: 0.0
      y: 0.0
      z: -0.798635510047
      w: -0.601815023152
  covariance: [1e-09, 0.0, 0.0, 0.0, 0.0, 0.0, 0.0, 0.001, 1e-09, 0.0, 0.0, 0.0, 0.0, 0.0, 1000000.0, 0.0, 0.0, 0.0, 0.0, 0.0, 0.0, 1000000.0, 0.0, 0.0, 0.0, 0.0, 0.0, 0.0, 1000000.0, 0.0, 0.0, 0.0, 0.0, 0.0, 0.0, 1e-09]
twist: 
  twist: 
    linear: 
      x: 0.0
      y: 0.0
      z: 0.0
    angular: 
      x: 0.0
      y: 0.0
      z: 0.0
  covariance: [1e-09, 0.0, 0.0, 0.0, 0.0, 0.0, 0.0, 0.001, 1e-09, 0.0, 0.0, 0.0, 0.0, 0.0, 1000000.0, 0.0, 0.0, 0.0, 0.0, 0.0, 0.0, 1000000.0, 0.0, 0.0, 0.0, 0.0, 0.0, 0.0, 1000000.0, 0.0, 0.0, 0.0, 0.0, 0.0, 0.0, 1e-09]
---
header: 
  seq: 37087
  stamp: 
    secs: 1440465989
    nsecs: 246757030
  frame_id: odom
child_frame_id: base_footprint
pose: 
  pose: 
    position: 
      x: -6.6059934001
      y: 3.80081721657
      z: 0.0
    orientation: 
      x: 0.0
      y: 0.0
      z: -0.798635510047
      w: -0.601815023152
  covariance: [1e-09, 0.0, 0.0, 0.0, 0.0, 0.0, 0.0, 0.001, 1e-09, 0.0, 0.0, 0.0, 0.0, 0.0, 1000000.0, 0.0, 0.0, 0.0, 0.0, 0.0, 0.0, 1000000.0, 0.0, 0.0, 0.0, 0.0, 0.0, 0.0, 1000000.0, 0.0, 0.0, 0.0, 0.0, 0.0, 0.0, 1e-09]
twist: 
  twist: 
    linear: 
      x: 0.0
      y: 0.0
      z: 0.0
    angular: 
      x: 0.0
      y: 0.0
      z: 0.0
  covariance: [1e-09, 0.0, 0.0, 0.0, 0.0, 0.0, 0.0, 0.001, 1e-09, 0.0, 0.0, 0.0, 0.0, 0.0, 1000000.0, 0.0, 0.0, 0.0, 0.0, 0.0, 0.0, 1000000.0, 0.0, 0.0, 0.0, 0.0, 0.0, 0.0, 1000000.0, 0.0, 0.0, 0.0, 0.0, 0.0, 0.0, 1e-09]
---
header: 
  seq: 37088
  stamp: 
    secs: 1440465989
    nsecs: 281326055
  frame_id: odom
child_frame_id: base_footprint
pose: 
  pose: 
    position: 
      x: -6.6059934001
      y: 3.80081721657
      z: 0.0
    orientation: 
      x: 0.0
      y: 0.0
      z: -0.798635510047
      w: -0.601815023152
  covariance: [1e-09, 0.0, 0.0, 0.0, 0.0, 0.0, 0.0, 0.001, 1e-09, 0.0, 0.0, 0.0, 0.0, 0.0, 1000000.0, 0.0, 0.0, 0.0, 0.0, 0.0, 0.0, 1000000.0, 0.0, 0.0, 0.0, 0.0, 0.0, 0.0, 1000000.0, 0.0, 0.0, 0.0, 0.0, 0.0, 0.0, 1e-09]
twist: 
  twist: 
    linear: 
      x: 0.0
      y: 0.0
      z: 0.0
    angular: 
      x: 0.0
      y: 0.0
      z: 0.0
  covariance: [1e-09, 0.0, 0.0, 0.0, 0.0, 0.0, 0.0, 0.001, 1e-09, 0.0, 0.0, 0.0, 0.0, 0.0, 1000000.0, 0.0, 0.0, 0.0, 0.0, 0.0, 0.0, 1000000.0, 0.0, 0.0, 0.0, 0.0, 0.0, 0.0, 1000000.0, 0.0, 0.0, 0.0, 0.0, 0.0, 0.0, 1e-09]
---
header: 
  seq: 37089
  stamp: 
    secs: 1440465989
    nsecs: 314496994
  frame_id: odom
child_frame_id: base_footprint
pose: 
  pose: 
    position: 
      x: -6.6059934001
      y: 3.80081721657
      z: 0.0
    orientation: 
      x: 0.0
      y: 0.0
      z: -0.798635510047
      w: -0.601815023152
  covariance: [1e-09, 0.0, 0.0, 0.0, 0.0, 0.0, 0.0, 0.001, 1e-09, 0.0, 0.0, 0.0, 0.0, 0.0, 1000000.0, 0.0, 0.0, 0.0, 0.0, 0.0, 0.0, 1000000.0, 0.0, 0.0, 0.0, 0.0, 0.0, 0.0, 1000000.0, 0.0, 0.0, 0.0, 0.0, 0.0, 0.0, 1e-09]
twist: 
  twist: 
    linear: 
      x: 0.0
      y: 0.0
      z: 0.0
    angular: 
      x: 0.0
      y: 0.0
      z: 0.0
  covariance: [1e-09, 0.0, 0.0, 0.0, 0.0, 0.0, 0.0, 0.001, 1e-09, 0.0, 0.0, 0.0, 0.0, 0.0, 1000000.0, 0.0, 0.0, 0.0, 0.0, 0.0, 0.0, 1000000.0, 0.0, 0.0, 0.0, 0.0, 0.0, 0.0, 1000000.0, 0.0, 0.0, 0.0, 0.0, 0.0, 0.0, 1e-09]
---
header: 
  seq: 37090
  stamp: 
    secs: 1440465989
    nsecs: 346931934
  frame_id: odom
child_frame_id: base_footprint
pose: 
  pose: 
    position: 
      x: -6.6059934001
      y: 3.80081721657
      z: 0.0
    orientation: 
      x: 0.0
      y: 0.0
      z: -0.798635510047
      w: -0.601815023152
  covariance: [1e-09, 0.0, 0.0, 0.0, 0.0, 0.0, 0.0, 0.001, 1e-09, 0.0, 0.0, 0.0, 0.0, 0.0, 1000000.0, 0.0, 0.0, 0.0, 0.0, 0.0, 0.0, 1000000.0, 0.0, 0.0, 0.0, 0.0, 0.0, 0.0, 1000000.0, 0.0, 0.0, 0.0, 0.0, 0.0, 0.0, 1e-09]
twist: 
  twist: 
    linear: 
      x: 0.0
      y: 0.0
      z: 0.0
    angular: 
      x: 0.0
      y: 0.0
      z: 0.0
  covariance: [1e-09, 0.0, 0.0, 0.0, 0.0, 0.0, 0.0, 0.001, 1e-09, 0.0, 0.0, 0.0, 0.0, 0.0, 1000000.0, 0.0, 0.0, 0.0, 0.0, 0.0, 0.0, 1000000.0, 0.0, 0.0, 0.0, 0.0, 0.0, 0.0, 1000000.0, 0.0, 0.0, 0.0, 0.0, 0.0, 0.0, 1e-09]
---
header: 
  seq: 37091
  stamp: 
    secs: 1440465989
    nsecs: 380837917
  frame_id: odom
child_frame_id: base_footprint
pose: 
  pose: 
    position: 
      x: -6.6059934001
      y: 3.80081721657
      z: 0.0
    orientation: 
      x: 0.0
      y: 0.0
      z: -0.798635510047
      w: -0.601815023152
  covariance: [1e-09, 0.0, 0.0, 0.0, 0.0, 0.0, 0.0, 0.001, 1e-09, 0.0, 0.0, 0.0, 0.0, 0.0, 1000000.0, 0.0, 0.0, 0.0, 0.0, 0.0, 0.0, 1000000.0, 0.0, 0.0, 0.0, 0.0, 0.0, 0.0, 1000000.0, 0.0, 0.0, 0.0, 0.0, 0.0, 0.0, 1e-09]
twist: 
  twist: 
    linear: 
      x: 0.0
      y: 0.0
      z: 0.0
    angular: 
      x: 0.0
      y: 0.0
      z: 0.0
  covariance: [1e-09, 0.0, 0.0, 0.0, 0.0, 0.0, 0.0, 0.001, 1e-09, 0.0, 0.0, 0.0, 0.0, 0.0, 1000000.0, 0.0, 0.0, 0.0, 0.0, 0.0, 0.0, 1000000.0, 0.0, 0.0, 0.0, 0.0, 0.0, 0.0, 1000000.0, 0.0, 0.0, 0.0, 0.0, 0.0, 0.0, 1e-09]
---
header: 
  seq: 37092
  stamp: 
    secs: 1440465989
    nsecs: 414309978
  frame_id: odom
child_frame_id: base_footprint
pose: 
  pose: 
    position: 
      x: -6.6059934001
      y: 3.80081721657
      z: 0.0
    orientation: 
      x: 0.0
      y: 0.0
      z: -0.798635510047
      w: -0.601815023152
  covariance: [1e-09, 0.0, 0.0, 0.0, 0.0, 0.0, 0.0, 0.001, 1e-09, 0.0, 0.0, 0.0, 0.0, 0.0, 1000000.0, 0.0, 0.0, 0.0, 0.0, 0.0, 0.0, 1000000.0, 0.0, 0.0, 0.0, 0.0, 0.0, 0.0, 1000000.0, 0.0, 0.0, 0.0, 0.0, 0.0, 0.0, 1e-09]
twist: 
  twist: 
    linear: 
      x: 0.0
      y: 0.0
      z: 0.0
    angular: 
      x: 0.0
      y: 0.0
      z: 0.0
  covariance: [1e-09, 0.0, 0.0, 0.0, 0.0, 0.0, 0.0, 0.001, 1e-09, 0.0, 0.0, 0.0, 0.0, 0.0, 1000000.0, 0.0, 0.0, 0.0, 0.0, 0.0, 0.0, 1000000.0, 0.0, 0.0, 0.0, 0.0, 0.0, 0.0, 1000000.0, 0.0, 0.0, 0.0, 0.0, 0.0, 0.0, 1e-09]
---
header: 
  seq: 37093
  stamp: 
    secs: 1440465989
    nsecs: 449183940
  frame_id: odom
child_frame_id: base_footprint
pose: 
  pose: 
    position: 
      x: -6.6059934001
      y: 3.80081721657
      z: 0.0
    orientation: 
      x: 0.0
      y: 0.0
      z: -0.798635510047
      w: -0.601815023152
  covariance: [1e-09, 0.0, 0.0, 0.0, 0.0, 0.0, 0.0, 0.001, 1e-09, 0.0, 0.0, 0.0, 0.0, 0.0, 1000000.0, 0.0, 0.0, 0.0, 0.0, 0.0, 0.0, 1000000.0, 0.0, 0.0, 0.0, 0.0, 0.0, 0.0, 1000000.0, 0.0, 0.0, 0.0, 0.0, 0.0, 0.0, 1e-09]
twist: 
  twist: 
    linear: 
      x: 0.0
      y: 0.0
      z: 0.0
    angular: 
      x: 0.0
      y: 0.0
      z: 0.0
  covariance: [1e-09, 0.0, 0.0, 0.0, 0.0, 0.0, 0.0, 0.001, 1e-09, 0.0, 0.0, 0.0, 0.0, 0.0, 1000000.0, 0.0, 0.0, 0.0, 0.0, 0.0, 0.0, 1000000.0, 0.0, 0.0, 0.0, 0.0, 0.0, 0.0, 1000000.0, 0.0, 0.0, 0.0, 0.0, 0.0, 0.0, 1e-09]
---
header: 
  seq: 37094
  stamp: 
    secs: 1440465989
    nsecs: 480637073
  frame_id: odom
child_frame_id: base_footprint
pose: 
  pose: 
    position: 
      x: -6.6059934001
      y: 3.80081721657
      z: 0.0
    orientation: 
      x: 0.0
      y: 0.0
      z: -0.798635510047
      w: -0.601815023152
  covariance: [1e-09, 0.0, 0.0, 0.0, 0.0, 0.0, 0.0, 0.001, 1e-09, 0.0, 0.0, 0.0, 0.0, 0.0, 1000000.0, 0.0, 0.0, 0.0, 0.0, 0.0, 0.0, 1000000.0, 0.0, 0.0, 0.0, 0.0, 0.0, 0.0, 1000000.0, 0.0, 0.0, 0.0, 0.0, 0.0, 0.0, 1e-09]
twist: 
  twist: 
    linear: 
      x: 0.0
      y: 0.0
      z: 0.0
    angular: 
      x: 0.0
      y: 0.0
      z: 0.0
  covariance: [1e-09, 0.0, 0.0, 0.0, 0.0, 0.0, 0.0, 0.001, 1e-09, 0.0, 0.0, 0.0, 0.0, 0.0, 1000000.0, 0.0, 0.0, 0.0, 0.0, 0.0, 0.0, 1000000.0, 0.0, 0.0, 0.0, 0.0, 0.0, 0.0, 1000000.0, 0.0, 0.0, 0.0, 0.0, 0.0, 0.0, 1e-09]
---
header: 
  seq: 37095
  stamp: 
    secs: 1440465989
    nsecs: 514082908
  frame_id: odom
child_frame_id: base_footprint
pose: 
  pose: 
    position: 
      x: -6.6059934001
      y: 3.80081721657
      z: 0.0
    orientation: 
      x: 0.0
      y: 0.0
      z: -0.798635510047
      w: -0.601815023152
  covariance: [1e-09, 0.0, 0.0, 0.0, 0.0, 0.0, 0.0, 0.001, 1e-09, 0.0, 0.0, 0.0, 0.0, 0.0, 1000000.0, 0.0, 0.0, 0.0, 0.0, 0.0, 0.0, 1000000.0, 0.0, 0.0, 0.0, 0.0, 0.0, 0.0, 1000000.0, 0.0, 0.0, 0.0, 0.0, 0.0, 0.0, 1e-09]
twist: 
  twist: 
    linear: 
      x: 0.0
      y: 0.0
      z: 0.0
    angular: 
      x: 0.0
      y: 0.0
      z: 0.0
  covariance: [1e-09, 0.0, 0.0, 0.0, 0.0, 0.0, 0.0, 0.001, 1e-09, 0.0, 0.0, 0.0, 0.0, 0.0, 1000000.0, 0.0, 0.0, 0.0, 0.0, 0.0, 0.0, 1000000.0, 0.0, 0.0, 0.0, 0.0, 0.0, 0.0, 1000000.0, 0.0, 0.0, 0.0, 0.0, 0.0, 0.0, 1e-09]
---
header: 
  seq: 37096
  stamp: 
    secs: 1440465989
    nsecs: 546982049
  frame_id: odom
child_frame_id: base_footprint
pose: 
  pose: 
    position: 
      x: -6.6059934001
      y: 3.80081721657
      z: 0.0
    orientation: 
      x: 0.0
      y: 0.0
      z: -0.798635510047
      w: -0.601815023152
  covariance: [1e-09, 0.0, 0.0, 0.0, 0.0, 0.0, 0.0, 0.001, 1e-09, 0.0, 0.0, 0.0, 0.0, 0.0, 1000000.0, 0.0, 0.0, 0.0, 0.0, 0.0, 0.0, 1000000.0, 0.0, 0.0, 0.0, 0.0, 0.0, 0.0, 1000000.0, 0.0, 0.0, 0.0, 0.0, 0.0, 0.0, 1e-09]
twist: 
  twist: 
    linear: 
      x: 0.0
      y: 0.0
      z: 0.0
    angular: 
      x: 0.0
      y: 0.0
      z: 0.0
  covariance: [1e-09, 0.0, 0.0, 0.0, 0.0, 0.0, 0.0, 0.001, 1e-09, 0.0, 0.0, 0.0, 0.0, 0.0, 1000000.0, 0.0, 0.0, 0.0, 0.0, 0.0, 0.0, 1000000.0, 0.0, 0.0, 0.0, 0.0, 0.0, 0.0, 1000000.0, 0.0, 0.0, 0.0, 0.0, 0.0, 0.0, 1e-09]
---
header: 
  seq: 37097
  stamp: 
    secs: 1440465989
    nsecs: 581003904
  frame_id: odom
child_frame_id: base_footprint
pose: 
  pose: 
    position: 
      x: -6.6059934001
      y: 3.80081721657
      z: 0.0
    orientation: 
      x: 0.0
      y: 0.0
      z: -0.798635510047
      w: -0.601815023152
  covariance: [1e-09, 0.0, 0.0, 0.0, 0.0, 0.0, 0.0, 0.001, 1e-09, 0.0, 0.0, 0.0, 0.0, 0.0, 1000000.0, 0.0, 0.0, 0.0, 0.0, 0.0, 0.0, 1000000.0, 0.0, 0.0, 0.0, 0.0, 0.0, 0.0, 1000000.0, 0.0, 0.0, 0.0, 0.0, 0.0, 0.0, 1e-09]
twist: 
  twist: 
    linear: 
      x: 0.0
      y: 0.0
      z: 0.0
    angular: 
      x: 0.0
      y: 0.0
      z: 0.0
  covariance: [1e-09, 0.0, 0.0, 0.0, 0.0, 0.0, 0.0, 0.001, 1e-09, 0.0, 0.0, 0.0, 0.0, 0.0, 1000000.0, 0.0, 0.0, 0.0, 0.0, 0.0, 0.0, 1000000.0, 0.0, 0.0, 0.0, 0.0, 0.0, 0.0, 1000000.0, 0.0, 0.0, 0.0, 0.0, 0.0, 0.0, 1e-09]
---
header: 
  seq: 37098
  stamp: 
    secs: 1440465989
    nsecs: 613651037
  frame_id: odom
child_frame_id: base_footprint
pose: 
  pose: 
    position: 
      x: -6.6059934001
      y: 3.80081721657
      z: 0.0
    orientation: 
      x: 0.0
      y: 0.0
      z: -0.798635510047
      w: -0.601815023152
  covariance: [1e-09, 0.0, 0.0, 0.0, 0.0, 0.0, 0.0, 0.001, 1e-09, 0.0, 0.0, 0.0, 0.0, 0.0, 1000000.0, 0.0, 0.0, 0.0, 0.0, 0.0, 0.0, 1000000.0, 0.0, 0.0, 0.0, 0.0, 0.0, 0.0, 1000000.0, 0.0, 0.0, 0.0, 0.0, 0.0, 0.0, 1e-09]
twist: 
  twist: 
    linear: 
      x: 0.0
      y: 0.0
      z: 0.0
    angular: 
      x: 0.0
      y: 0.0
      z: 0.0
  covariance: [1e-09, 0.0, 0.0, 0.0, 0.0, 0.0, 0.0, 0.001, 1e-09, 0.0, 0.0, 0.0, 0.0, 0.0, 1000000.0, 0.0, 0.0, 0.0, 0.0, 0.0, 0.0, 1000000.0, 0.0, 0.0, 0.0, 0.0, 0.0, 0.0, 1000000.0, 0.0, 0.0, 0.0, 0.0, 0.0, 0.0, 1e-09]
---
header: 
  seq: 37099
  stamp: 
    secs: 1440465989
    nsecs: 646864891
  frame_id: odom
child_frame_id: base_footprint
pose: 
  pose: 
    position: 
      x: -6.6059934001
      y: 3.80081721657
      z: 0.0
    orientation: 
      x: 0.0
      y: 0.0
      z: -0.798635510047
      w: -0.601815023152
  covariance: [1e-09, 0.0, 0.0, 0.0, 0.0, 0.0, 0.0, 0.001, 1e-09, 0.0, 0.0, 0.0, 0.0, 0.0, 1000000.0, 0.0, 0.0, 0.0, 0.0, 0.0, 0.0, 1000000.0, 0.0, 0.0, 0.0, 0.0, 0.0, 0.0, 1000000.0, 0.0, 0.0, 0.0, 0.0, 0.0, 0.0, 1e-09]
twist: 
  twist: 
    linear: 
      x: 0.0
      y: 0.0
      z: 0.0
    angular: 
      x: 0.0
      y: 0.0
      z: 0.0
  covariance: [1e-09, 0.0, 0.0, 0.0, 0.0, 0.0, 0.0, 0.001, 1e-09, 0.0, 0.0, 0.0, 0.0, 0.0, 1000000.0, 0.0, 0.0, 0.0, 0.0, 0.0, 0.0, 1000000.0, 0.0, 0.0, 0.0, 0.0, 0.0, 0.0, 1000000.0, 0.0, 0.0, 0.0, 0.0, 0.0, 0.0, 1e-09]
---
header: 
  seq: 37100
  stamp: 
    secs: 1440465989
    nsecs: 680638074
  frame_id: odom
child_frame_id: base_footprint
pose: 
  pose: 
    position: 
      x: -6.6059934001
      y: 3.80081721657
      z: 0.0
    orientation: 
      x: 0.0
      y: 0.0
      z: -0.798635510047
      w: -0.601815023152
  covariance: [1e-09, 0.0, 0.0, 0.0, 0.0, 0.0, 0.0, 0.001, 1e-09, 0.0, 0.0, 0.0, 0.0, 0.0, 1000000.0, 0.0, 0.0, 0.0, 0.0, 0.0, 0.0, 1000000.0, 0.0, 0.0, 0.0, 0.0, 0.0, 0.0, 1000000.0, 0.0, 0.0, 0.0, 0.0, 0.0, 0.0, 1e-09]
twist: 
  twist: 
    linear: 
      x: 0.0
      y: 0.0
      z: 0.0
    angular: 
      x: 0.0
      y: 0.0
      z: 0.0
  covariance: [1e-09, 0.0, 0.0, 0.0, 0.0, 0.0, 0.0, 0.001, 1e-09, 0.0, 0.0, 0.0, 0.0, 0.0, 1000000.0, 0.0, 0.0, 0.0, 0.0, 0.0, 0.0, 1000000.0, 0.0, 0.0, 0.0, 0.0, 0.0, 0.0, 1000000.0, 0.0, 0.0, 0.0, 0.0, 0.0, 0.0, 1e-09]
---
header: 
  seq: 37101
  stamp: 
    secs: 1440465989
    nsecs: 713363885
  frame_id: odom
child_frame_id: base_footprint
pose: 
  pose: 
    position: 
      x: -6.6059934001
      y: 3.80081721657
      z: 0.0
    orientation: 
      x: 0.0
      y: 0.0
      z: -0.798635510047
      w: -0.601815023152
  covariance: [1e-09, 0.0, 0.0, 0.0, 0.0, 0.0, 0.0, 0.001, 1e-09, 0.0, 0.0, 0.0, 0.0, 0.0, 1000000.0, 0.0, 0.0, 0.0, 0.0, 0.0, 0.0, 1000000.0, 0.0, 0.0, 0.0, 0.0, 0.0, 0.0, 1000000.0, 0.0, 0.0, 0.0, 0.0, 0.0, 0.0, 1e-09]
twist: 
  twist: 
    linear: 
      x: 0.0
      y: 0.0
      z: 0.0
    angular: 
      x: 0.0
      y: 0.0
      z: 0.0
  covariance: [1e-09, 0.0, 0.0, 0.0, 0.0, 0.0, 0.0, 0.001, 1e-09, 0.0, 0.0, 0.0, 0.0, 0.0, 1000000.0, 0.0, 0.0, 0.0, 0.0, 0.0, 0.0, 1000000.0, 0.0, 0.0, 0.0, 0.0, 0.0, 0.0, 1000000.0, 0.0, 0.0, 0.0, 0.0, 0.0, 0.0, 1e-09]
---
header: 
  seq: 37102
  stamp: 
    secs: 1440465989
    nsecs: 747224092
  frame_id: odom
child_frame_id: base_footprint
pose: 
  pose: 
    position: 
      x: -6.6059934001
      y: 3.80081721657
      z: 0.0
    orientation: 
      x: 0.0
      y: 0.0
      z: -0.798635510047
      w: -0.601815023152
  covariance: [1e-09, 0.0, 0.0, 0.0, 0.0, 0.0, 0.0, 0.001, 1e-09, 0.0, 0.0, 0.0, 0.0, 0.0, 1000000.0, 0.0, 0.0, 0.0, 0.0, 0.0, 0.0, 1000000.0, 0.0, 0.0, 0.0, 0.0, 0.0, 0.0, 1000000.0, 0.0, 0.0, 0.0, 0.0, 0.0, 0.0, 1e-09]
twist: 
  twist: 
    linear: 
      x: 0.0
      y: 0.0
      z: 0.0
    angular: 
      x: 0.0
      y: 0.0
      z: 0.0
  covariance: [1e-09, 0.0, 0.0, 0.0, 0.0, 0.0, 0.0, 0.001, 1e-09, 0.0, 0.0, 0.0, 0.0, 0.0, 1000000.0, 0.0, 0.0, 0.0, 0.0, 0.0, 0.0, 1000000.0, 0.0, 0.0, 0.0, 0.0, 0.0, 0.0, 1000000.0, 0.0, 0.0, 0.0, 0.0, 0.0, 0.0, 1e-09]
---
header: 
  seq: 37103
  stamp: 
    secs: 1440465989
    nsecs: 780205965
  frame_id: odom
child_frame_id: base_footprint
pose: 
  pose: 
    position: 
      x: -6.6059934001
      y: 3.80081721657
      z: 0.0
    orientation: 
      x: 0.0
      y: 0.0
      z: -0.798635510047
      w: -0.601815023152
  covariance: [1e-09, 0.0, 0.0, 0.0, 0.0, 0.0, 0.0, 0.001, 1e-09, 0.0, 0.0, 0.0, 0.0, 0.0, 1000000.0, 0.0, 0.0, 0.0, 0.0, 0.0, 0.0, 1000000.0, 0.0, 0.0, 0.0, 0.0, 0.0, 0.0, 1000000.0, 0.0, 0.0, 0.0, 0.0, 0.0, 0.0, 1e-09]
twist: 
  twist: 
    linear: 
      x: 0.0
      y: 0.0
      z: 0.0
    angular: 
      x: 0.0
      y: 0.0
      z: 0.0
  covariance: [1e-09, 0.0, 0.0, 0.0, 0.0, 0.0, 0.0, 0.001, 1e-09, 0.0, 0.0, 0.0, 0.0, 0.0, 1000000.0, 0.0, 0.0, 0.0, 0.0, 0.0, 0.0, 1000000.0, 0.0, 0.0, 0.0, 0.0, 0.0, 0.0, 1000000.0, 0.0, 0.0, 0.0, 0.0, 0.0, 0.0, 1e-09]
---
header: 
  seq: 37104
  stamp: 
    secs: 1440465989
    nsecs: 814189910
  frame_id: odom
child_frame_id: base_footprint
pose: 
  pose: 
    position: 
      x: -6.6059934001
      y: 3.80081721657
      z: 0.0
    orientation: 
      x: 0.0
      y: 0.0
      z: -0.798635510047
      w: -0.601815023152
  covariance: [1e-09, 0.0, 0.0, 0.0, 0.0, 0.0, 0.0, 0.001, 1e-09, 0.0, 0.0, 0.0, 0.0, 0.0, 1000000.0, 0.0, 0.0, 0.0, 0.0, 0.0, 0.0, 1000000.0, 0.0, 0.0, 0.0, 0.0, 0.0, 0.0, 1000000.0, 0.0, 0.0, 0.0, 0.0, 0.0, 0.0, 1e-09]
twist: 
  twist: 
    linear: 
      x: 0.0
      y: 0.0
      z: 0.0
    angular: 
      x: 0.0
      y: 0.0
      z: 0.0
  covariance: [1e-09, 0.0, 0.0, 0.0, 0.0, 0.0, 0.0, 0.001, 1e-09, 0.0, 0.0, 0.0, 0.0, 0.0, 1000000.0, 0.0, 0.0, 0.0, 0.0, 0.0, 0.0, 1000000.0, 0.0, 0.0, 0.0, 0.0, 0.0, 0.0, 1000000.0, 0.0, 0.0, 0.0, 0.0, 0.0, 0.0, 1e-09]
---
header: 
  seq: 37105
  stamp: 
    secs: 1440465989
    nsecs: 846959114
  frame_id: odom
child_frame_id: base_footprint
pose: 
  pose: 
    position: 
      x: -6.6059934001
      y: 3.80081721657
      z: 0.0
    orientation: 
      x: 0.0
      y: 0.0
      z: -0.798635510047
      w: -0.601815023152
  covariance: [1e-09, 0.0, 0.0, 0.0, 0.0, 0.0, 0.0, 0.001, 1e-09, 0.0, 0.0, 0.0, 0.0, 0.0, 1000000.0, 0.0, 0.0, 0.0, 0.0, 0.0, 0.0, 1000000.0, 0.0, 0.0, 0.0, 0.0, 0.0, 0.0, 1000000.0, 0.0, 0.0, 0.0, 0.0, 0.0, 0.0, 1e-09]
twist: 
  twist: 
    linear: 
      x: 0.0
      y: 0.0
      z: 0.0
    angular: 
      x: 0.0
      y: 0.0
      z: 0.0
  covariance: [1e-09, 0.0, 0.0, 0.0, 0.0, 0.0, 0.0, 0.001, 1e-09, 0.0, 0.0, 0.0, 0.0, 0.0, 1000000.0, 0.0, 0.0, 0.0, 0.0, 0.0, 0.0, 1000000.0, 0.0, 0.0, 0.0, 0.0, 0.0, 0.0, 1000000.0, 0.0, 0.0, 0.0, 0.0, 0.0, 0.0, 1e-09]
---
header: 
  seq: 37106
  stamp: 
    secs: 1440465989
    nsecs: 882014989
  frame_id: odom
child_frame_id: base_footprint
pose: 
  pose: 
    position: 
      x: -6.6059934001
      y: 3.80081721657
      z: 0.0
    orientation: 
      x: 0.0
      y: 0.0
      z: -0.798635510047
      w: -0.601815023152
  covariance: [1e-09, 0.0, 0.0, 0.0, 0.0, 0.0, 0.0, 0.001, 1e-09, 0.0, 0.0, 0.0, 0.0, 0.0, 1000000.0, 0.0, 0.0, 0.0, 0.0, 0.0, 0.0, 1000000.0, 0.0, 0.0, 0.0, 0.0, 0.0, 0.0, 1000000.0, 0.0, 0.0, 0.0, 0.0, 0.0, 0.0, 1e-09]
twist: 
  twist: 
    linear: 
      x: 0.0
      y: 0.0
      z: 0.0
    angular: 
      x: 0.0
      y: 0.0
      z: 0.0
  covariance: [1e-09, 0.0, 0.0, 0.0, 0.0, 0.0, 0.0, 0.001, 1e-09, 0.0, 0.0, 0.0, 0.0, 0.0, 1000000.0, 0.0, 0.0, 0.0, 0.0, 0.0, 0.0, 1000000.0, 0.0, 0.0, 0.0, 0.0, 0.0, 0.0, 1000000.0, 0.0, 0.0, 0.0, 0.0, 0.0, 0.0, 1e-09]
---
header: 
  seq: 37107
  stamp: 
    secs: 1440465989
    nsecs: 921309947
  frame_id: odom
child_frame_id: base_footprint
pose: 
  pose: 
    position: 
      x: -6.6059934001
      y: 3.80081721657
      z: 0.0
    orientation: 
      x: 0.0
      y: 0.0
      z: -0.798635510047
      w: -0.601815023152
  covariance: [1e-09, 0.0, 0.0, 0.0, 0.0, 0.0, 0.0, 0.001, 1e-09, 0.0, 0.0, 0.0, 0.0, 0.0, 1000000.0, 0.0, 0.0, 0.0, 0.0, 0.0, 0.0, 1000000.0, 0.0, 0.0, 0.0, 0.0, 0.0, 0.0, 1000000.0, 0.0, 0.0, 0.0, 0.0, 0.0, 0.0, 1e-09]
twist: 
  twist: 
    linear: 
      x: 0.0
      y: 0.0
      z: 0.0
    angular: 
      x: 0.0
      y: 0.0
      z: 0.0
  covariance: [1e-09, 0.0, 0.0, 0.0, 0.0, 0.0, 0.0, 0.001, 1e-09, 0.0, 0.0, 0.0, 0.0, 0.0, 1000000.0, 0.0, 0.0, 0.0, 0.0, 0.0, 0.0, 1000000.0, 0.0, 0.0, 0.0, 0.0, 0.0, 0.0, 1000000.0, 0.0, 0.0, 0.0, 0.0, 0.0, 0.0, 1e-09]
---
header: 
  seq: 37108
  stamp: 
    secs: 1440465989
    nsecs: 947354078
  frame_id: odom
child_frame_id: base_footprint
pose: 
  pose: 
    position: 
      x: -6.6059934001
      y: 3.80081721657
      z: 0.0
    orientation: 
      x: 0.0
      y: 0.0
      z: -0.798635510047
      w: -0.601815023152
  covariance: [1e-09, 0.0, 0.0, 0.0, 0.0, 0.0, 0.0, 0.001, 1e-09, 0.0, 0.0, 0.0, 0.0, 0.0, 1000000.0, 0.0, 0.0, 0.0, 0.0, 0.0, 0.0, 1000000.0, 0.0, 0.0, 0.0, 0.0, 0.0, 0.0, 1000000.0, 0.0, 0.0, 0.0, 0.0, 0.0, 0.0, 1e-09]
twist: 
  twist: 
    linear: 
      x: 0.0
      y: 0.0
      z: 0.0
    angular: 
      x: 0.0
      y: 0.0
      z: 0.0
  covariance: [1e-09, 0.0, 0.0, 0.0, 0.0, 0.0, 0.0, 0.001, 1e-09, 0.0, 0.0, 0.0, 0.0, 0.0, 1000000.0, 0.0, 0.0, 0.0, 0.0, 0.0, 0.0, 1000000.0, 0.0, 0.0, 0.0, 0.0, 0.0, 0.0, 1000000.0, 0.0, 0.0, 0.0, 0.0, 0.0, 0.0, 1e-09]
---
header: 
  seq: 37109
  stamp: 
    secs: 1440465989
    nsecs: 980366945
  frame_id: odom
child_frame_id: base_footprint
pose: 
  pose: 
    position: 
      x: -6.6059934001
      y: 3.80081721657
      z: 0.0
    orientation: 
      x: 0.0
      y: 0.0
      z: -0.798635510047
      w: -0.601815023152
  covariance: [1e-09, 0.0, 0.0, 0.0, 0.0, 0.0, 0.0, 0.001, 1e-09, 0.0, 0.0, 0.0, 0.0, 0.0, 1000000.0, 0.0, 0.0, 0.0, 0.0, 0.0, 0.0, 1000000.0, 0.0, 0.0, 0.0, 0.0, 0.0, 0.0, 1000000.0, 0.0, 0.0, 0.0, 0.0, 0.0, 0.0, 1e-09]
twist: 
  twist: 
    linear: 
      x: 0.0
      y: 0.0
      z: 0.0
    angular: 
      x: 0.0
      y: 0.0
      z: 0.0
  covariance: [1e-09, 0.0, 0.0, 0.0, 0.0, 0.0, 0.0, 0.001, 1e-09, 0.0, 0.0, 0.0, 0.0, 0.0, 1000000.0, 0.0, 0.0, 0.0, 0.0, 0.0, 0.0, 1000000.0, 0.0, 0.0, 0.0, 0.0, 0.0, 0.0, 1000000.0, 0.0, 0.0, 0.0, 0.0, 0.0, 0.0, 1e-09]
---
header: 
  seq: 37110
  stamp: 
    secs: 1440465990
    nsecs: 13957023
  frame_id: odom
child_frame_id: base_footprint
pose: 
  pose: 
    position: 
      x: -6.6059934001
      y: 3.80081721657
      z: 0.0
    orientation: 
      x: 0.0
      y: 0.0
      z: -0.798635510047
      w: -0.601815023152
  covariance: [1e-09, 0.0, 0.0, 0.0, 0.0, 0.0, 0.0, 0.001, 1e-09, 0.0, 0.0, 0.0, 0.0, 0.0, 1000000.0, 0.0, 0.0, 0.0, 0.0, 0.0, 0.0, 1000000.0, 0.0, 0.0, 0.0, 0.0, 0.0, 0.0, 1000000.0, 0.0, 0.0, 0.0, 0.0, 0.0, 0.0, 1e-09]
twist: 
  twist: 
    linear: 
      x: 0.0
      y: 0.0
      z: 0.0
    angular: 
      x: 0.0
      y: 0.0
      z: 0.0
  covariance: [1e-09, 0.0, 0.0, 0.0, 0.0, 0.0, 0.0, 0.001, 1e-09, 0.0, 0.0, 0.0, 0.0, 0.0, 1000000.0, 0.0, 0.0, 0.0, 0.0, 0.0, 0.0, 1000000.0, 0.0, 0.0, 0.0, 0.0, 0.0, 0.0, 1000000.0, 0.0, 0.0, 0.0, 0.0, 0.0, 0.0, 1e-09]
---
header: 
  seq: 37111
  stamp: 
    secs: 1440465990
    nsecs: 47215938
  frame_id: odom
child_frame_id: base_footprint
pose: 
  pose: 
    position: 
      x: -6.6059934001
      y: 3.80081721657
      z: 0.0
    orientation: 
      x: 0.0
      y: 0.0
      z: -0.798635510047
      w: -0.601815023152
  covariance: [1e-09, 0.0, 0.0, 0.0, 0.0, 0.0, 0.0, 0.001, 1e-09, 0.0, 0.0, 0.0, 0.0, 0.0, 1000000.0, 0.0, 0.0, 0.0, 0.0, 0.0, 0.0, 1000000.0, 0.0, 0.0, 0.0, 0.0, 0.0, 0.0, 1000000.0, 0.0, 0.0, 0.0, 0.0, 0.0, 0.0, 1e-09]
twist: 
  twist: 
    linear: 
      x: 0.0
      y: 0.0
      z: 0.0
    angular: 
      x: 0.0
      y: 0.0
      z: 0.0
  covariance: [1e-09, 0.0, 0.0, 0.0, 0.0, 0.0, 0.0, 0.001, 1e-09, 0.0, 0.0, 0.0, 0.0, 0.0, 1000000.0, 0.0, 0.0, 0.0, 0.0, 0.0, 0.0, 1000000.0, 0.0, 0.0, 0.0, 0.0, 0.0, 0.0, 1000000.0, 0.0, 0.0, 0.0, 0.0, 0.0, 0.0, 1e-09]
---
header: 
  seq: 37112
  stamp: 
    secs: 1440465990
    nsecs: 80755949
  frame_id: odom
child_frame_id: base_footprint
pose: 
  pose: 
    position: 
      x: -6.6059934001
      y: 3.80081721657
      z: 0.0
    orientation: 
      x: 0.0
      y: 0.0
      z: -0.798635510047
      w: -0.601815023152
  covariance: [1e-09, 0.0, 0.0, 0.0, 0.0, 0.0, 0.0, 0.001, 1e-09, 0.0, 0.0, 0.0, 0.0, 0.0, 1000000.0, 0.0, 0.0, 0.0, 0.0, 0.0, 0.0, 1000000.0, 0.0, 0.0, 0.0, 0.0, 0.0, 0.0, 1000000.0, 0.0, 0.0, 0.0, 0.0, 0.0, 0.0, 1e-09]
twist: 
  twist: 
    linear: 
      x: 0.0
      y: 0.0
      z: 0.0
    angular: 
      x: 0.0
      y: 0.0
      z: 0.0
  covariance: [1e-09, 0.0, 0.0, 0.0, 0.0, 0.0, 0.0, 0.001, 1e-09, 0.0, 0.0, 0.0, 0.0, 0.0, 1000000.0, 0.0, 0.0, 0.0, 0.0, 0.0, 0.0, 1000000.0, 0.0, 0.0, 0.0, 0.0, 0.0, 0.0, 1000000.0, 0.0, 0.0, 0.0, 0.0, 0.0, 0.0, 1e-09]
---
